[gd_scene load_steps=2 format=3 uid="uid://darkysd3pxlin"]

[ext_resource type="PackedScene" uid="uid://2hlijkvbxnxf" path="res://Source/Player/Model/Lowpolyhuman.glb" id="1_o3tuc"]

[node name="Lowpolyhuman" instance=ExtResource("1_o3tuc")]

[node name="Skeleton3D" parent="Armature" index="0"]
bones/0/position = Vector3(0, -0.186175, 0)
bones/0/rotation = Quaternion(0.0801728, 0, -1.78019e-17, 0.996781)
bones/3/rotation = Quaternion(0.0402134, 3.24243e-18, 2.25317e-17, 0.999191)
bones/7/rotation = Quaternion(0.0239197, 0.227582, -0.966662, 0.114887)
bones/8/rotation = Quaternion(0.0662119, -0.00104752, -0.0515918, 0.99647)
bones/16/rotation = Quaternion(-0.0454789, 0.399476, 0.908953, 0.110253)
bones/17/rotation = Quaternion(0.511804, 0.0568812, 0.175851, 0.838986)
bones/27/rotation = Quaternion(-0.0192367, -0.37438, -0.925549, 0.0531827)
bones/28/rotation = Quaternion(-0.0563316, 0.00156259, -0.0450792, 0.997393)
bones/29/rotation = Quaternion(0.529424, -0.00594148, -0.0098363, 0.848279)
bones/36/rotation = Quaternion(0.0021577, -0.0753242, 0.995554, 0.0565122)
bones/37/rotation = Quaternion(-0.400566, -0.0293808, 0.0404704, 0.914902)
bones/38/rotation = Quaternion(0.401268, 0.00476, 0.0104557, 0.915889)

[node name="Head_2" parent="Armature/Skeleton3D" index="0"]
transform = Transform3D(1, -7.10543e-15, 0, 7.10543e-15, 0.998995, -0.0448223, 0, 0.0448223, 0.998995, -0.0223162, 2.54245, 0.604037)
bone_idx = 5

[node name="Neck_2" parent="Armature/Skeleton3D" index="1"]
transform = Transform3D(1, 9.95258e-18, -2.23162e-19, -9.95258e-18, 0.998995, -0.0448224, -2.2316e-19, 0.0448224, 0.998995, -0.0149739, 2.18268, 0.363329)
bone_idx = 6

[node name="Left_Hand_2" parent="Armature/Skeleton3D" index="2"]
transform = Transform3D(1, 5.50994e-07, 5.86268e-07, 3.12109e-07, 0.963459, -0.267854, -2.32365e-07, 0.267854, 0.963459, 1.12867, -0.582199, -1.09601)
bone_idx = 10

[node name="Left_Hand_Thumb" parent="Armature/Skeleton3D" index="3"]
transform = Transform3D(1, 5.50994e-07, 5.86268e-07, 3.12109e-07, 0.963459, -0.267854, -2.32365e-07, 0.267854, 0.963459, 1.14088, -0.668019, -0.898747)
bone_idx = 11

[node name="Left_Elbow" parent="Armature/Skeleton3D" index="4"]
transform = Transform3D(1, 5.2317e-07, 5.73695e-07, 3.3807e-07, 0.963459, -0.267854, -2.1141e-07, 0.267854, 0.963459, 0.98162, 0.679951, -0.41802)
bone_idx = 12

[node name="Left_Lower_Arm_2" parent="Armature/Skeleton3D" index="5"]
transform = Transform3D(1, 5.2317e-07, 5.73695e-07, 3.3807e-07, 0.963459, -0.267854, -2.1141e-07, 0.267854, 0.963459, 1.05641, 0.130157, -0.692994)
bone_idx = 13

[node name="Left_Shoulder" parent="Armature/Skeleton3D" index="6"]
transform = Transform3D(1, 5.1246e-07, 5.58328e-07, 3.75789e-07, 0.963459, -0.267854, -1.7276e-07, 0.267854, 0.963459, 0.689143, 1.59171, 0.249998)
bone_idx = 14

[node name="Left_Upper_Arm_2" parent="Armature/Skeleton3D" index="7"]
transform = Transform3D(1, 5.1246e-07, 5.58328e-07, 3.75789e-07, 0.963459, -0.267854, -1.7276e-07, 0.267854, 0.963459, 0.869117, 1.10952, -0.0957892)
bone_idx = 15

[node name="Right_Elbow" parent="Armature/Skeleton3D" index="8"]
transform = Transform3D(0.962055, -0.265089, 0.0646367, -5.17815e-07, 0.236891, 0.971536, -0.272854, -0.934672, 0.227902, -0.99811, 0.787308, 1.09014)
bone_idx = 19

[node name="Right_Hand_2" parent="Armature/Skeleton3D" index="9"]
transform = Transform3D(0.962055, -0.265089, 0.0646367, -5.17815e-07, 0.236891, 0.971536, -0.272854, -0.934672, 0.227902, -0.758822, 1.04798, 2.49337)
bone_idx = 20

[node name="Right_Hand_Thumb" parent="Armature/Skeleton3D" index="10"]
transform = Transform3D(0.962055, -0.265089, 0.0646367, -5.17815e-07, 0.236891, 0.971536, -0.272854, -0.934672, 0.227902, -0.786032, 1.25659, 2.44226)
bone_idx = 21

[node name="Right_Lower_Arm_2" parent="Armature/Skeleton3D" index="11"]
transform = Transform3D(0.962055, -0.265089, 0.0646367, -5.17815e-07, 0.236891, 0.971536, -0.272854, -0.934672, 0.227902, -0.907723, 0.916817, 1.69199)
bone_idx = 22

[node name="Right_Shoulder" parent="Armature/Skeleton3D" index="12"]
transform = Transform3D(1, -8.14907e-09, -1.66707e-07, -6.48201e-07, 0.929439, 0.368975, 6.81262e-07, -0.368975, 0.929439, -0.716894, 1.6255, 0.385311)
bone_idx = 23

[node name="Right_Upper_Arm_2" parent="Armature/Skeleton3D" index="13"]
transform = Transform3D(1, -8.14907e-09, -1.66707e-07, -6.48201e-07, 0.929439, 0.368975, 6.81262e-07, -0.368975, 0.929439, -0.90004, 1.15868, 0.755039)
bone_idx = 24

[node name="Chest_2" parent="Armature/Skeleton3D" index="14"]
transform = Transform3D(1, 3.54893e-17, -2.85446e-18, -3.54893e-17, 0.987145, -0.159829, -2.85446e-18, 0.159829, 0.987145, -0.014005, 1.23801, 0.341554)
bone_idx = 25

[node name="Torso_2" parent="Armature/Skeleton3D" index="15"]
transform = Transform3D(1, 3.54893e-17, -2.85446e-18, -3.54893e-17, 0.987145, -0.159829, -2.85446e-18, 0.159829, 0.987145, -0.00149802, 0.464263, 0.219736)
bone_idx = 26

[node name="Left_Foot_2" parent="Armature/Skeleton3D" index="16"]
transform = Transform3D(1, -2.5332e-06, 2.12857e-07, 1.63935e-06, 0.967508, 0.252841, -3.36245e-07, -0.252842, 0.967508, 0.540355, -3.42478, 2.05899)
bone_idx = 30

[node name="Left_Foot_Joint" parent="Armature/Skeleton3D" index="17"]
transform = Transform3D(1, -2.5332e-06, 2.12857e-07, 1.63935e-06, 0.967508, 0.252841, -3.36245e-07, -0.252842, 0.967508, 0.542652, -3.34715, 1.88097)
bone_idx = 31

[node name="Left_Knee" parent="Armature/Skeleton3D" index="18"]
transform = Transform3D(1, -2.18842e-06, 2.59563e-06, 7.0034e-07, 0.967508, 0.252841, -2.5552e-06, -0.252842, 0.967508, 0.514927, -1.48288, 0.836076)
bone_idx = 32

[node name="Left_Lower_Leg_2" parent="Armature/Skeleton3D" index="19"]
transform = Transform3D(1, -2.18842e-06, 2.59563e-06, 7.0034e-07, 0.967508, 0.252841, -2.5552e-06, -0.252842, 0.967508, 0.540989, -2.45337, 1.38475)
bone_idx = 33

[node name="Left_Hip_Joint" parent="Armature/Skeleton3D" index="20"]
transform = Transform3D(1, -1.96218e-06, 2.69595e-06, 7.69738e-07, 0.987483, 0.15772, -2.46498e-06, -0.15772, 0.987484, 0.354346, -0.310667, 0.0959169)
bone_idx = 34

[node name="Left_Upper_Leg_2" parent="Armature/Skeleton3D" index="21"]
transform = Transform3D(1, -1.96218e-06, 2.69595e-06, 7.69738e-07, 0.987483, 0.15772, -2.46498e-06, -0.15772, 0.987484, 0.392991, -0.659245, 0.473435)
bone_idx = 35

[node name="Right_Foot_2" parent="Armature/Skeleton3D" index="22"]
transform = Transform3D(1, -2.73466e-06, 5.29727e-08, 1.90177e-06, 0.361136, -0.932513, 2.77539e-06, 0.932513, 0.361135, -0.483201, -2.6737, -2.46606)
bone_idx = 39

[node name="Right_Foot_Joint" parent="Armature/Skeleton3D" index="23"]
transform = Transform3D(1, -2.73466e-06, 5.29727e-08, 1.90177e-06, 0.361136, -0.932513, 2.77539e-06, 0.932513, 0.361135, -0.485501, -2.53343, -2.33175)
bone_idx = 40

[node name="Right_Knee" parent="Armature/Skeleton3D" index="24"]
transform = Transform3D(1, -1.11034e-06, -2.70744e-06, 3.49362e-07, 0.843757, -0.536725, 3.1282e-06, 0.536725, 0.843757, -0.457784, -1.60469, -0.403743)
bone_idx = 41

[node name="Right_Lower_Leg_2" parent="Armature/Skeleton3D" index="25"]
transform = Transform3D(1, -1.11034e-06, -2.70744e-06, 3.49362e-07, 0.843757, -0.536725, 3.1282e-06, 0.536725, 0.843757, -0.483842, -2.09174, -1.40657)
bone_idx = 42

[node name="Right_Hip" parent="Armature/Skeleton3D" index="26"]
transform = Transform3D(1, 8.81846e-08, -2.70875e-06, 2.46568e-07, 0.978902, -0.204332, 2.88244e-06, 0.204332, 0.978902, -0.297208, -0.344131, 0.0959005)
bone_idx = 43

[node name="Right_Upper_Leg_2" parent="Armature/Skeleton3D" index="27"]
transform = Transform3D(1, 8.81846e-08, -2.70875e-06, 2.46568e-07, 0.978902, -0.204332, 2.88244e-06, 0.204332, 0.978902, -0.335852, -0.855648, 0.0471439)
bone_idx = 44

[node name="Hip_2" parent="Armature/Skeleton3D" index="28"]
transform = Transform3D(1, 3.54893e-17, -2.85446e-18, -3.54893e-17, 0.987145, -0.159829, -2.85446e-18, 0.159829, 0.987145, 0.014034, -0.0792647, 0.129532)
bone_idx = 45
